# Set true values
# original set of true values, increase se, decrease se, increase sp, decrease sp, increase pi, decrease pi 
se <- c(0.81, 0.71, 0.66, 0.52, 0.59, 
        0.91, 0.81, 0.76, 0.62, 0.69, 
        0.71, 0.61, 0.56, 0.42, 0.49, 
        0.81, 0.71, 0.66, 0.52, 0.59, 
        0.81, 0.71, 0.66, 0.52, 0.59,
        0.81, 0.71, 0.66, 0.52, 0.59,
        0.81, 0.71, 0.66, 0.52, 0.59)
sp <- c(0.51, 0.56, 0.91, 0.94, 0.72,
        0.51, 0.56, 0.91, 0.94, 0.72,
        0.51, 0.56, 0.91, 0.94, 0.72,
        0.61, 0.76, 0.99, 0.99, 0.82,
        0.41, 0.46, 0.81, 0.84, 0.62,
        0.51, 0.56, 0.91, 0.94, 0.72,
        0.51, 0.56, 0.91, 0.94, 0.72)
pi <- c(0.4, 0.4, 0.4, 0.4, 0.4, 0.5, 0.3)